367.0000000000
28.0000000000
60.5000000000
329.0000000000
337.0000000000
41.9000000000
103.7000000000
47.8100000000
7.2600000000
8.9000000000
8897.0000000000
4.0000000000
0.0000000000
77.5000000000
2100.0000000000
0.2350000000
816.6666670000
1071.0000000000
2.9000000000
32.5500000000
3.4000000000
33.4666666667
21800.0000000000
207.0000000000
150.9000000000
1470.0000000000
166.0000000000
31.8000000000
3.1666666700
337.0000000000
250.0000000000
15.4196667000
3.5000000000
6.1000000000
166.0000000000
3.1666666700
4.2000000000
300.0000000000
77.5000000000
7.2600000000
53.9000000000
0.0150000000
95.0000000000
0.0000000000
1963.0000000000
24.4000000000
24.4000000000
0.6600000000
35.5000000000
156.3000000000
1075.0000000000
17.0000000000
0.1700000000
9.6000000000
16200.0000000000
10.2500000000
6.7170000000
960.0000000000
53.9000000000
48.0000000000
0.1000000000
96.0000000000
44.0000000000
284.0000000000
360000.0000000000
83.1000000000
75.0000000000
0.0370000000
16.0000000000
4600.0000000000
166.0000000000
95.0000000000
5190.0000000000
960.0000000000
60.0000000000
25.0000000000
0.0690000000
2.7000000000
1000.0000000000
28.0000000000
530.0000000000
22.9000000000
81.0000000000
287.2000000000
210.0000000000
63.0000000000
43.2166666667
4.0000000000
5.5000000000
879.5000000000
22.7000000000
500.0000000000
3100.0000000000
171.0000000000
879.5000000000
3423.0000000000
4.2000000000
126.0000000000
1.7000000000
25000.0000000000
0.0000000000
0.4780000000
360000.0000000000
0.0000000000
180.0000000000
3.1666666700
987.0000000000
195.0000000000
207.0000000000
320.0000000000
469.3000000000
16.0000000000
9.1900000000
464.0000000000
10.2110974000
0.0130000000
203.9000000000
4.0000000000
122.0000000000
40.8000000000
0.0000000000
642.8600000000
0.1400000000
130.2000000000
3.8000000000
118000.0000000000
0.9200000000
879.5000000000
1.1000000000
2.7000000000
32.0000000000
69.0500000000
46.9000000000
13.0000000000
2010000.0000000000
8.2700000000
730.0000000000
210.0000000000
13.0000000000
111.0000000000
101.6666670000
32.5500000000
383.0000000000
898.0000000000
111.0000000000
33.0000000000
2660.0000000000
1009.3700000000
126.0000000000
14.0000000000
1.5400000000
250.0000000000
43.0000000000
8.1600000000
4.0000000000
3550.0000000000
2.4900000000
24.0000000000
13.0000000000
207.0000000000
266.0000000000
879.5000000000
424.0000000000
4.3000000000
12.0000000000
1236.0000000000
0.6800000000
6.9000000000
264.0000000000
2140.0000000000
324000.0000000000
0.0000000000
0.1270000000
6.0000000000
6.0800000000
2170.0000000000
46.3000000000
32.5500000000
1.5500000000
80.9000000000
32.0000000000
24.0200000000
750.0000000000
69.0000000000
410.0000000000
60.0000000000
15.4000000000
28.3300000000
530.0000000000
12.8000000000
8.2000000000
8.9000000000
8700.0000000000
36.3000000000
45.8333333000
23.0000000000
7.7000000000
0.2700000000
7.5000000000
1506.0000000000
166.0000000000
36.2000000000
77.0000000000
34.0000000000
147.4000000000
4.9000000000
28.0000000000
79.5000000000
1500.0000000000
3550.0000000000
240.0000000000
12000.0000000000
201.0000000000
4.9000000000
2010000.0000000000
8.9000000000
87.0000000000
0.0130000000
14.2000000000
7150.0000000000
2660.0000000000
16.6700000000
284.0000000000
103.4000000000
490.0000000000
20.0000000000
10.2000000000
96.0000000000
600.0000000000
2010000.0000000000
4.4000000000
1.8000000000
10.2110974000
606.7000000000
2841.0000000000
655000.0000000000
0.2670000000
8700.0000000000
3450.0000000000
11.1666666667
1700.0000000000
0.0760000000
38.6000000000
126.0000000000
2.4800000000
53.9000000000
53.9000000000
25.0000000000
653.0000000000
0.0000000000
0.0500000000
2010000.0000000000
3.4700000000
0.0000000000
3.4700000000
203.9000000000
0.1400000000
3.4700000000
3.4700000000
0.0000000000
750.0000000000
0.0000000000
203.9000000000
202.4000000000
3.4700000000
5.3760000000
3500.0000000000
63.1000000000
65.0000000000
110.0000000000
3.1666666700
5913.0000000000
0.0500000000
295.0000000000
1875.0000000000
3.1666666700
1025.0500000000
284.0000000000
11.1800000000
8.2000000000
0.0000000000
12.5700000000
101.0000000000
93.0000000000
0.0072000000
60.0000000000
0.3000000000
55.8000000000
67.5000000000
65.0000000000
0.0000000000
676.0000000000
4.8000000000
203.9000000000
0.0000000000
1.5000000000
20.8000000000
1025.0500000000
0.0000000000
110.0000000000
0.0183333333
86.0000000000
6.8000000000
0.2000000000
0.2000000000
6.0000000000
2.9000000000
49.3000000000
0.0000000000
11.1666666667
2.9500000000
78.3000000000
144.0000000000
202.4000000000
1100.0000000000
16.3000000000
117.8000000000
1100.0000000000
4.6000000000
1.0200000000
1100.0000000000
367.0000000000
5.3760000000
143.0000000000
0.0000000000
0.0000000000
171.0000000000
2.0300000000
0.0000000000
6.0000000000
121.0000000000
0.0000000000
121.0000000000
171.0000000000
109.8000000000
66.0000000000
68.7000000000
0.0000000000
38.0000000000
0.0072000000
0.0000000000
0.0072000000
257.0000000000
1770.0000000000
0.0640000000
0.0918000000
0.0000000000
1770.0000000000
0.0000000000
6.0900000000
104.9000000000
85.0000000000
1.8100000000
877.6000000000
0.9100000000
6.0900000000
0.0000000000
530.0000000000
203.9000000000
21.5000000000
0.0500000000
109.8000000000
0.7700000000
0.0000000000
0.0170000000
1932.0000000000
4.8500000000
41.2000000000
0.0072000000
49.9000000000
0.0000000000
0.0000000000
9.7833333333
203.9000000000
203.9000000000
8.9000000000
41.2000000000
110000.0000000000
655000.0000000000
23.4000000000
3.0000000000
180.0000000000
132.0000000000
0.0380000000
0.3300000000
180.0000000000
0.3800000000
52.7000000000
877.6000000000
2010000.0000000000
9.9000000000
12.0000000000
1300.0000000000
436.0000000000
6.4000000000
5.0000000000
199.0000000000
9.9000000000
16.7000000000
0.7300000000
3.2300000000
0.0000051700
606.7000000000
161.0000000000
345.0000000000
210.0000000000
36.8000000000
14.0000000000
877.6000000000
5000000.0000000000
6.1000000000
0.3500000000
0.3500000000
0.0000000000
0.0000000000
0.0000000000
0.0000000000
10.0000000000
879.5000000000
203.9000000000
203.9000000000
80.0000000000
0.0000000000
0.0000000000
49.9000000000
0.0000000000
0.0000000000
0.0000000000
0.0000000000
0.0000000000
0.0000000000
0.0000000000
0.0000000000
0.0000000000
0.0000000000
0.0000000000
0.0000000000
0.0000000000
0.0000000000
0.0000000000
0.0000000000
0.0000000000
0.0000000000
0.0000000000
0.0000000000
0.0000000000
0.0000000000
0.0000000000
0.0000000000
0.0000000000
0.0000000000
0.0000000000
0.0000000000
0.0000000000
0.0000000000
0.0000000000
0.0000000000
0.0000000000
0.0000000000
0.0000000000
97.6000000000
97.6000000000
96.0000000000
264.0000000000
0.0000000000
0.0000000000
0.0000000000
0.0000000000
6.1000000000
45.7000000000
0.0000000000
1100.0000000000
0.9300000000
45.7000000000
0.0000000000
1100.0000000000
0.9300000000
6.1000000000
0.0290000000
3.4700000000
0.0890000000
3.4700000000
3500.0000000000
3500.0000000000
3500.0000000000
180.0000000000
3500.0000000000
180.0000000000
0.0040000000
180.0000000000
0.0040000000
180.0000000000
15.0000000000
5190.0000000000
14.8000000000
14.8000000000
14.8000000000
14.8000000000
14.8000000000
14.8000000000
0.0000000000
0.0000000000
3.0900000000
10.5000000000
2540.0000000000
367.0000000000
130.2000000000
130.2000000000
130.2000000000
6.1000000000
130.2000000000
0.4230000000
877.6000000000
202.4000000000
0.7300000000
0.0300000000
0.0110000000
0.4230000000
0.0290000000
5.2000000000
9.9000000000
23.8000000000
500.0000000000
0.0000000000
0.0000000000
0.0000000000
0.0000000000
40.4300000000
38.0000000000
0.0000000000
0.0000000000
0.0000000000
0.0000000000
0.2600000000
0.0000000000
0.0000000000
0.0000000000
284.0000000000
0.1500000000
7010.0000000000
0.0000000000
0.0000000000
0.0000000000
8.9200000000
8.9200000000
0.0000000000
287.2000000000
0.0000000000
135.0000000000
0.0000000000
207.0000000000
0.0000000000
4000.0000000000
0.0500000000
17.5000000000
187.0000000000
0.2500000000
0.0500000000
0.9200000000
494.0000000000
0.0110000000
0.0900000000
130.2000000000
877.6000000000
202.4000000000
0.7300000000
324000.0000000000
0.4230000000
130.2000000000
0.0220000000
130.2000000000
0.1700000000
324000.0000000000
1.1400000000
1.1400000000
0.7000000000
0.7000000000
6.1000000000
6.1000000000
203.9000000000
8.9000000000
20.0000000000
0.0000000000
0.0000000000
0.0000000000
0.0000000000
0.0000000000
0.0000000000
0.0000000000
0.0000000000
0.0000000000
26.6666667000
1.0000000000
0.1700000000
0.5833333333
74.0000000000
28.0000000000
24.0000000000
988.3333330000
1.1900000000
1.1900000000
1414.0000000000
0.0000000000
0.0000000000
0.0000000000
203.9000000000
0.0000000000
0.0020000000
2.0000000000
110000.0000000000
0.0000000000
5.5000000000
0.0000000000
0.0276000000
329.0000000000
14.8000000000
0.0000000000
1.5300000000
0.0000000000
911.0000000000
0.0000000000
0.0000000000
63.0000000000
17.6000000000
0.0000000000
0.0000000000
0.0000000000
0.0000000000
3500.0000000000
14.3000000000
63.0000000000
22.3000000000
576.0000000000
324000.0000000000
0.3500000000
0.0000000000
0.0000000000
0.0000000000
0.0000000000
0.0000000000
0.0000000000
0.0000000000
0.0000000000
0.0000000000
0.0000000000
0.0000000000
0.0000000000
0.0000000000
0.0000000000
0.0000000000
0.0000000000
0.0000000000
0.0000000000
0.0000000000
0.0000000000
0.0000000000
0.0000000000
0.0000000000
0.0000000000
0.0000000000
0.0000000000
0.0000000000
0.0000000000
183.0000000000
0.0000000000
0.3600000000
0.0000000000
203.9000000000
203.9000000000
9.7833333333
1.9800000000
0.0000000000
28.0000000000
0.0000000000
200.0000000000
1932.0000000000
84.2000000000
0.0000000000
0.0000000000
0.3300000000
0.1000000000
0.0000000000
5.5666666667
324000.0000000000
264.0000000000
264.0000000000
264.0000000000
264.0000000000
0.0000000000
0.0000000000
0.0000000000
750.0000000000
13.7900000000
4.5000000000
4.5000000000
163.0000000000
0.0000000000
1075.0000000000
1.1900000000
13.0000000000
16666.6667000000
2.3200000000
7.0300000000
0.0000000000
0.0000000000
0.0000000000
0.0000000000
0.0000000000
0.0000000000
0.0000000000
0.0000000000
0.0000000000
0.0000000000
0.0000000000
0.0000000000
0.0000000000
0.0000000000
52.4000000000
0.0000000000
41.2000000000
0.0000000000
5000000.0000000000
0.0000000000
180.0000000000
4.0000000000
4.6000000000
40.0000000000
0.0000000000
14.8000000000
0.0000000000
0.0000000000
17.6000000000
0.0000000000
0.0000000000
77.5000000000
2.9500000000
16200.0000000000
16200.0000000000
16200.0000000000
16200.0000000000
0.0000000000
0.0000000000
0.0000000000
0.0000000000
0.0000000000
0.0000000000
0.0000000000
0.0000000000
0.0000000000
0.0000000000
0.0000000000
0.0000000000
0.0000000000
0.0000000000
0.0000000000
0.0000000000
0.0000000000
0.0000000000
0.0000000000
0.0000000000
0.0000000000
0.0000000000
0.0000000000
0.0000000000
0.0000000000
0.0000000000
0.0000000000
0.0000000000
0.0000000000
0.0000000000
0.0000000000
0.0000000000
0.0000000000
0.0000000000
0.3500000000
0.0000000000
0.0000000000
0.0000000000
0.0000000000
0.0000000000
0.0000000000
0.0000000000
0.0000000000
0.0000000000
0.0000000000
0.0000000000
0.0000000000
0.0000000000
0.0000000000
0.0000000000
0.0000000000
0.0000000000
0.0000000000
0.0000000000
0.0000000000
0.0000000000
0.0000000000
0.0000000000
0.0000000000
0.0000000000
0.0000000000
0.0000000000
0.0000000000
0.0000000000
0.0000000000
0.0000000000
0.0000000000
0.0000000000
0.0000000000
0.0000000000
0.0000000000
0.0000000000
0.0000000000
0.0000000000
0.0000000000
0.0000000000
0.0000000000
0.0000000000
0.0000000000
0.0000000000
0.0000000000
0.0000000000
0.0000000000
0.0000000000
0.0000000000
0.0000000000
0.0000000000
0.0000000000
0.0000000000
0.0000000000
0.0000000000
0.0000000000
0.0000000000
0.0000000000
0.0000000000
0.0000000000
0.0000000000
0.0000000000
0.0000000000
0.0000000000
0.0000000000
0.0000000000
0.0000000000
0.0000000000
0.0000000000
0.0000000000
0.0000000000
0.0000000000
0.0000000000
0.0000000000
0.0000000000
0.0000000000
0.0000000000
0.0000000000
0.0000000000
0.0000000000
0.0000000000
0.0000000000
0.0000000000
0.0000000000
0.0000000000
0.0000000000
0.0000000000
0.0000000000
0.0000000000
0.0000000000
0.0000000000
0.0000000000
0.0000000000
0.0000000000
0.0000000000
0.0000000000
0.0000000000
0.0000000000
0.0000000000
0.0000000000
0.0000000000
0.0000000000
0.0000000000
0.0000000000
0.0000000000
0.0000000000
0.0000000000
0.0000000000
0.0000000000
0.0000000000
0.0000000000
0.0000000000
0.0000000000
0.0000000000
0.0000000000
0.0000000000
0.0000000000
0.0000000000
0.0000000000
0.0000000000
0.0000000000
0.0000000000
0.0000000000
0.0000000000
0.0000000000
0.0000000000
0.0000000000
0.0000000000
0.0000000000
0.0000000000
0.0000000000
0.0000000000
0.0000000000
0.0000000000
0.0000000000
0.0000000000
0.0000000000
0.0000000000
0.0000000000
0.0000000000
0.0000000000
0.0000000000
0.0000000000
0.0000000000
0.0000000000
0.0000000000
0.0000000000
0.0000000000
0.0000000000
0.0000000000
0.0000000000
0.0000000000
0.0000000000
0.0000000000
0.0000000000
0.0000000000
0.0000000000
0.0000000000
0.0000000000
0.0000000000
0.0000000000
0.0000000000
0.0000000000
0.0000000000
0.0000000000
0.0000000000
0.0000000000
0.0000000000
0.0000000000
0.0000000000
0.0000000000
0.0000000000
0.0000000000
0.0000000000
0.0000000000
0.0000000000
0.0000000000
0.0000000000
0.0000000000
0.0000000000
0.0000000000
0.0000000000
0.0000000000
0.0000000000
0.0000000000
0.0000000000
0.0000000000
0.0000000000
0.0000000000
0.0000000000
0.0000000000
0.0000000000
0.0000000000
0.0000000000
0.0000000000
0.0000000000
0.0000000000
0.0000000000
0.0000000000
0.0000000000
0.0000000000
0.0000000000
0.0000000000
0.0000000000
0.0000000000
0.0000000000
0.0000000000
0.0000000000
0.0000000000
0.0000000000
0.0000000000
0.0000000000
0.0000000000
0.0000000000
0.0000000000
0.0000000000
0.0000000000
0.0000000000
0.0000000000
0.0000000000
0.0000000000
0.0000000000
0.0000000000
185.0000000000
185.0000000000
0.0000000000
0.0000000000
6946.0000000000
0.0000000000
0.0000000000
0.0000000000
0.0000000000
0.0000000000
264.0000000000
3300.0000000000
11.4000000000
0.0000000000
0.0000000000
0.0000000000
12.6000000000
1.4000000000
2.8600000000
4166.6666700000
283.3333330000
145.0000000000
5.3000000000
5.2000000000
5.3000000000
5.2000000000
0.0000000000
72.0000000000
31.2000000000
0.0000000000
5.3333333300
0.0000000000
20.0000000000
0.0000000000
0.0000000000
0.0000000000
0.0000000000
0.0000000000
35.5000000000
6.0900000000
0.0000000000
0.0000000000
0.0000000000
0.0072000000
1500.0000000000
0.0000000000
0.0000000000
24.0000000000
207.0000000000
20.0000000000
6.8000000000
322.0000000000
28.0000000000
131.0000000000
0.0020000000
0.0000000000
1590.0000000000
3500.0000000000
7500.0000000000
6249.0000000000
21.0000000000
0.0000000000
0.0000000000
0.0000000000
65.0000000000
0.0000000000
21000.0000000000
0.0000000000
0.0000000000
28.0000000000
0.0000000000
1075.0000000000
140.0000000000
260.0000000000
72.7000000000
222.8666670000
26.0000000000
24.4000000000
0.0007500000
1.1300000000
24.4000000000
0.0000000000
0.0300000000
0.0175833333
33.5000000000
0.0000000000
694.0000000000
0.0000000000
0.0000000000
0.0000000000
0.0290000000
0.0000000000
0.0000000000
0.0290000000
0.0290000000
0.0000000000
0.0000000000
0.0000000000
0.0000000000
0.0000000000
94140.0000000000
28.0000000000
60.5000000000
105000.0000000000
2.9000000000
47.8100000000
89.6000000000
0.0340000000
0.0000000000
2100.0000000000
14.1000000000
16666.6667000000
1071.0000000000
3.9000000000
9.3000000000
36.0000000000
150.9000000000
11420.0000000000
7.6700000000
5.4000000000
3.1666666700
2.9000000000
15.4196667000
3.5000000000
10.5000000000
7.6700000000
3.1666666700
4.2000000000
2.9400000000
0.0000000000
1963.0000000000
73.3000000000
311.0000000000
12.0000000000
156.3000000000
1075.0000000000
390.0000000000
1.9000000000
80.7900000000
960.0000000000
53.9000000000
48.0000000000
0.1000000000
44.0000000000
35.9000000000
0.0051666667
180.0000000000
0.0370000000
16.0000000000
4600.0000000000
95.0000000000
960.0000000000
60.0000000000
25.0000000000
0.0690000000
2.7000000000
1000.0000000000
0.9800000000
22.9000000000
43.2166666667
4.0000000000
879.5000000000
22.7000000000
89.0000000000
426.0000000000
842.3000000000
3423.0000000000
4.2000000000
19.9000000000
25000.0000000000
0.0000000000
0.4780000000
5667.0000000000
3.1666666700
283.0000000000
207.0000000000
320.0000000000
469.3000000000
9.1900000000
464.0000000000
78.3333333333
0.0130000000
233.3000000000
122.0000000000
40.8000000000
0.0000000000
35.2000000000
37.3000000000
0.9200000000
842.3000000000
1.1000000000
0.0240000000
32.0000000000
27.0000000000
46.9000000000
4.9000000000
4400000.0000000000
8.2700000000
3100.0000000000
46.3000000000
1097.0000000000
383.0000000000
1075.0000000000
1200.0000000000
466.7000000000
14.0000000000
1.5400000000
43.0000000000
8.1600000000
2.4900000000
24.0000000000
266.0000000000
879.5000000000
2.3000000000
4.3000000000
1075.0000000000
0.6800000000
6.9000000000
2140.0000000000
202.4000000000
0.1270000000
6.0000000000
6.0800000000
46.3000000000
1.5500000000
109.5000000000
17.5000000000
73.9500000000
69.0000000000
410.0000000000
15.4000000000
28.3300000000
670.0000000000
12.8000000000
36.3000000000
45.8333333000
7.7000000000
7.5000000000
680.0000000000
77.0000000000
35.0000000000
2461.0000000000
0.9800000000
3515.0000000000
110.0000000000
70.9000000000
4.9000000000
144.0000000000
45.7000000000
7150.0000000000
3019.0000000000
20.0000000000
490.0000000000
36.0000000000
96.0000000000
144.0000000000
272.0000000000
1.8000000000
58.6000000000
190.0000000000
0.2670000000
8700.0000000000
12000.0000000000
1700.0000000000
0.0760000000
2200.0000000000
13.8000000000
53.9000000000
53.9000000000
39530.0000000000
0.0000000000
0.0500000000
4400000.0000000000
0.0000000000
233.3000000000
6.0000000000
3.4700000000
3.4700000000
0.0000000000
750.0000000000
0.0000000000
233.3000000000
324000.0000000000
3.4700000000
78.3000000000
110000.0000000000
3.1666666700
5913.0000000000
0.0500000000
3.1666666700
0.5200000000
0.0000000000
1.1200000000
0.0072000000
0.3000000000
55.8000000000
10.2110974000
49.3800000000
51.9000000000
0.0000000000
1.5000000000
0.0000000000
0.2000000000
0.2000000000
6.0000000000
0.0000000000
78.3333333333
8.5600000000
78.3000000000
2010000.0000000000
1100.0000000000
1200.0000000000
4.6000000000
1100.0000000000
367.0000000000
78.3000000000
0.0000000000
171.0000000000
4.9000000000
0.0000000000
0.7500000000
121.0000000000
0.0000000000
121.0000000000
171.0000000000
66.0000000000
0.0000000000
0.0072000000
0.0000000000
1770.0000000000
0.0640000000
0.0918000000
0.0000000000
1770.0000000000
0.0000000000
12000.0000000000
0.1500000000
2540.0000000000
12.0000000000
0.0000000000
670.0000000000
233.3000000000
6.0800000000
0.0500000000
114.2000000000
0.0170000000
1932.0000000000
4.8500000000
300000.0000000000
0.1100000000
0.0000000000
0.0000000000
9.7833333333
9.4166666667
233.3000000000
300000.0000000000
23.4000000000
3.0000000000
5667.0000000000
132.0000000000
0.0380000000
950.0000000000
58.6000000000
161.0000000000
0.0000000000
0.0000000000
0.0000000000
0.0000000000
0.0000000000
0.0000000000
0.0000000000
0.0000000000
0.0000000000
0.0000000000
0.0000000000
0.0000000000
0.0000000000
0.0000000000
0.0000000000
0.0000000000
0.0000000000
0.0000000000
0.0000000000
0.0000000000
0.0000000000
0.0000000000
0.0000000000
0.0000000000
0.0000000000
97.6000000000
97.6000000000
229.0000000000
10.5000000000
5190.0000000000
0.0000000000
1100.0000000000
3.1700000000
5190.0000000000
0.0000000000
1100.0000000000
3.1700000000
10.5000000000
3.4700000000
3.4700000000
3.4700000000
110000.0000000000
110000.0000000000
110000.0000000000
2010000.0000000000
110000.0000000000
5667.0000000000
37.0000000000
5667.0000000000
37.0000000000
2010000.0000000000
37.0000000000
38.0000000000
1.4000000000
1.4000000000
1.4000000000
1.4000000000
1.4000000000
1.4000000000
0.0000000000
0.0000000000
3.0900000000
10.5000000000
2540.0000000000
367.0000000000
37.3000000000
37.3000000000
5.2000000000
9.9000000000
344.0000000000
89.0000000000
0.0000000000
0.0000000000
0.0000000000
40.4300000000
35.9000000000
7010.0000000000
0.0000000000
0.0000000000
8.9200000000
8.9200000000
0.0000000000
202.4000000000
0.0000000000
0.0000000000
0.0000000000
25.0000000000
0.1700000000
0.5833333333
0.0000000000
6.7000000000
0.0000000000
0.0000000000
0.0000000000
0.0000000000
0.0000000000
0.0000000000
11.1666666667
6.7000000000
1200.0000000000
0.0000000000
0.0000000000
0.0000000000
4.5000000000
1.9000000000
898.0000000000
0.0000000000
0.0000000000
0.0000000000
0.0000000000
0.0000000000
0.0000000000
0.0000000000
0.0000000000
0.0000000000
0.0000000000
0.0000000000
0.0000000000
0.0000000000
300000.0000000000
5000000.0000000000
0.0000000000
4.0000000000
4.6000000000
40.0000000000
0.0000000000
1.4000000000
0.0000000000
0.0000000000
0.0000000000
0.0000000000
0.0000000000
0.0000000000
0.0000000000
0.0000000000
0.0000000000
0.0000000000
0.0000000000
14.8000000000
4166.6666700000
48.0000000000
1.1000000000
1.1000000000
0.0000000000
6.0900000000
12.0000000000
0.0000000000
5.0000000000
0.3600000000
110000.0000000000
2136.0000000000
0.0000000000
0.0000000000
0.0000000000
0.0000000000
0.0000000000
0.0000000000
1075.0000000000
1137.4000000000
664.0000000000
0.0000000000
0.0000000000
0.0000000000
0.0000000000
